207
720
344
865
113
726
293
404
475
60
807
144
72
376
29
498
207
809
336
972
75
820
156
583
426
214
966
791
257
706
502
686
734
486
535
419
614
113
485
628
520
495
6
313
33
464
868
211
265
934
130
213
334
718
621
562
480
273
957
663
100
243
100
898
661
347
766
316
304
197
402
763
655
508
928
947
97
60
595
821
879
631
97
344
698
813
872
216
267
690
891
588
539
291
510
324
220
961
654
363
879
777
764
609
48
323
556
892
840
162
9
193
273
883
172
981
511
425
444
737
796
632
152
373
716
681
587
211
627
638
222
448
636
927
853
823
779
587
675
847
669
971
631
189
887
795
699
517
252
842
58
85
755
693
531
66
536
519
515
200
314
579
367
772
701
453
898
60
681
998
316
281
594
190
772
68
609
895
200
191
467
392
762
309
353
279
228
564
576
643
272
698
393
32
929
542
36
668
230
600
264
442
80
980
150
29
2
243
79
991
528
483
763
834
859
688
708
151
780
74
170
94
783
433
729
205
619
582
431
84
895
956
794
856
511
39
545
198
446
364
618
547
486
489
884
506
678
662
926
725
971
812
560
719
307
133
96
586
790
493
48
252
733
495
213
368
560
867
516
610
954
470
992
683
512
850
871
638
338
136
789
769
385
843
513
800
122
455
791
86
201
418
574
926
609
353
683
386
515
646
629
217
702
529
186
566
686
981
362
503
448
637
67
171
84
774
164
655
996
214
23
203
21
581
600
896
179
755
811
509
377
643
589
403
121
742
705
21
497
379
830
644
407
157
511
938
239
989
251
573
258
154
982
319
57
983
248
923
354
460
188
154
786
663
628
127
132
396
427
992
73
314
347
807
408
617
553
199
656
721
37
578
724
948
78
170
758
934
237
967
303
548
624
393
485
60
115
247
982
315
986
775
949
908
50
470
363
631
840
666
319
977
690
198
537
963
397
382
979
597
655
332
985
100
606
882
163
265
944
193
408
412
461
553
534
57
673
386
47
442
470
707
621
77
674
697
794
495
13
930
985
601
654
450
153
122
606
933
147
254
917
598
938
62
683
96
179
199
554
43
653
519
522
810
290
653
53
610
918
1
981
141
912
732
450
560
279
17
544
673
638
548
360
598
355
337
398
58
109
624
555
897
468
264
524
46
533
650
955
674
590
632
268
0
71
477
627
407
930
878
324
656
780
978
739
296
236
238
333
216
419
628
214
675
37
468
988
608
895
19
876
129
513
236
828
75
647
477
601
935
394
731
530
248
820
456
812
70
644
923
896
466
918
353
826
75
159
620
107
112
863
329
144
719
416
285
828
822
231
842
852
592
984
63
498
706
183
134
173
798
972
483
15
288
518
185
54
295
195
670
55
222
30
154
616
156
283
484
652
48
592
534
461
329
572
754
709
174
164
549
549
793
99
699
530
585
770
891
164
808
992
964
689
490
164
920
586
191
657
464
132
683
369
825
106
836
749
845
929
611
4
709
196
175
930
517
497
846
402
480
483
750
191
774
617
355
672
59
344
9
571
18
316
773
843
529
533
303
204
375
839
171
46
772
738
264
392
112
956
143
784
807
939
832
688
66
360
611
371
81
312
835
848
97
700
487
469
472
84
891
808
241
336
52
43
372
631
883
206
748
395
740
921
272
524
968
938
738
956
400
484
812
980
626
337
885
997
113
808
862
937
264
298
569
530
343
922
452
931
129
348
458
750
717
232
51
830
572
118
846
127
523
339
852
434
777
141
958
901
58
132
681
330
822
130
881
519
788
716
340
990
531
817
665
942
506
539
401
49
29
963
676
271
363
210
647
596
23
925
589
557
316
48
923
641
468
783
393
77
410
633
301
528
423
638
722
105
730
538
889
438
995
234
142
310
426
239
655
216
763
72
209
558
301
109
964
773
611
762
783
198
963
56
518
330
573
626
139
288
294
334
396
851
862
715
84
75
334
978
179
648
902
296
946
710
478
738
650
765
627
130
589
89
709
938
880
546
23
854
662
60
758
207
40
209
757
444
340
917
368
388
532
539
384
562
625
39
503
768
215
955
628
672
578
942
105
710
657
393
315
649
427
900
338
540
95
801
546
720
840
566
856
301
641
673
585
328
693
783
80
671
898
46
998
499
447
860
191
909
131
688
962
668
264
39
529
894
305
977
827
933
743
37
782
724
906
898
385
610
598
400
336
94
484
806
321
444
51
933
895
246
894
541
980
751
167
159
789
468
260
923
241
428
138
258
18
305
112
894
703
215
181
257
217
557
604
603
988
666
710
232
728
306
384
202
889
369
55
387
852
103
98
189
628
340
40
909
251
102
49
941
892
904
209
10
89
221
666
869
56
278
600
277
92
313
515
213
177
947
81
66
647
814
499
625
563
598
625
582
826
272
823
615
344
533
378
458
905
422
622
405
389
488
666
269
505
434
815
256
67
932
252
758
686
258
221
677
895
153
765
621
439
922
386
397
651
213
312
155
200
367
273
841
819
991
475
390
608
709
354
770
824
332
576
238
833
963
570
163
441
678
261
587
906
562
161
525
909
544
100
868
704
441
658
338
378
508
60
809
624
52
518
635
145
645
918
730
607
864
625
426
751
941
840
182
163
40
188
144
253
919
989
509
959
667
201
496
673
550
75
606
203
84
466
954
763
157
372
906
345
73
83
178
417
965
926
167
265
917
819
695
484
290
620
46
398
942
567
140
977
118
178
382
807
0
439
737
153
948
965
959
39
344
879
731
465
494
336
679
854
393
647
448
442
96
96
592
37
338
499
764
370
771
417
647
558
470
220
591
986
819
878
223
801
530
29
461
958
601
349
140
760
3
647
45
703
34
985
473
548
334
285
162
364
326
766
131
390
270
137
884
973
898
993
19
95
434
861
576
159
382
406
352
328
532
803
188
347
359
711
538
955
283
294
956
743
855
899
544
431
817
366
889
795
568
581
651
737
494
784
884
373
420
641
401
630
563
412
415
422
352
931
244
169
944
901
140
794
757
880
48
91
935
324
708
868
702
146
104
198
558
677
25
336
92
352
289
17
161
313
861
711
781
228
869
920
717
866
1
775
384
771
785
737
623
42
974
648
267
353
576
535
579
573
472
359
566
530
767
266
493
426
493
271
205
578
70
590
180
654
195
444
185
494
45
16
985
561
991
22
416
25
253
692
221
742
295
652
497
96
730
738
368
215
113
126
977
654
24
684
779
112
442
66
328
432
171
1
71
999
824
384
396
450
997
965
251
538
631
229
101
129
132
911
770
689
584
804
936
359
50
57
602
864
61
872
772
666
883
348
30
790
903
164
712
77
658
769
846
857
449
75
83
941
300
921
322
167
906
104
482
685
987
455
682
78
206
832
734
667
653
368
193
142
494
227
124
513
531
410
821
673
851
678
939
701
546
954
289
50
143
492
273
625
125
436
155
235
93
952
758
603
169
959
526
341
459
709
415
830
127
6
937
204
471
262
188
807
934
616
110
745
423
238
987
330
199
753
564
894
72
441
339
339
567
135
405
221
496
249
161
260
176
870
521
818
308
19
375
821
440
101
562
972
474
583
560
880
393
206
861
624
792
11
533
897
431
801
847
925
364
689
964
732
853
362
382
353
425
948
299
231
24
255
668
67
625
39
489
515
411
251
408
839
501
342
422
999
97
445
508
374
654
139
909
334
550
498
432
499
256
714
89
988
95
511
485
839
266
550
758
172
332
463
435
734
279
922
875
757
813
211
451
335
96
216
647
616
875
645
990
719
528
21
57
668
275
420
316
943
390
867
910
250
527
4
582
810
271
902
486
746
812
827
149
352
713
272
848
756
884
292
16
558
337
309
610
311
173
424
34
347
590
175
977
6
273
688
898
885
755
243
407
238
308
908
945
282
361
858
440
161
617
815
880
871
843
754
412
886
78
545
991
564
752
698
17
695
67
916
70
86
77
105
582
897
199
191
128
292
496
568
608
631
330
174
587
522
574
267
384
288
724
696
874
881
902
628
411
965
157
744
195
317
875
384
674
316
827
996
322
94
406
960
864
663
424
449
324
223
354
265
238
573
369
677
780
434
822
661
730
160
471
811
9
331
695
16
675
550
290
299
94
944
979
867
207
448
353
376
377
231
607
133
941
262
179
104
748
136
738
460
404
17
618
111
887
118
607
136
298
815
362
428
652
947
167
89
894
339
718
506
978
345
357
292
254
266
540
248
387
978
865
731
585
271
724
58
382
289
53
618
815
488
37
830
845
214
523
394
740
614
336
280
232
678
460
369
193
729
51
735
16
728
554
376
450
514
831
653
149
225
304
140
289
175
290
307
929
937
429
358
818
251
773
794
883
652
605
491
333
652
295
75
596
235
991
804
967
571
497
248
789
624
464
47
737
111
544
545
799
853
102
988
223
618
279
192
82
5
542
289
970
34
770
365
727
890
423
391
359
425
660
851
774
493
469
954
38
757
905
585
992
9
591
797
76
313
317
273
158
481
625
364
961
267
491
589
880
397
698
320
411
988
310
285
983
617
855
983
257
435
228
354
988
229
542
337
520
98
798
191
542
438
340
820
418
439
386
850
472
236
32
977
394
101
817
800
704
627
454
220
553
232
817
366
602
954
437
824
493
124
388
520
75
478
169
265
244
799
135
606
558
968
401
944
837
530
68
458
98
931
2
794
343
93
192
787
826
631
586
514
648
776
894
349
540
585
262
42
832
290
562
199
299
464
685
382
595
742
631
748
733
481
763
265
763
193
553
602
61
252
135
166
739
829
412
726
58
981
301
233
901
785
547
558
798
141
61
651
13
358
290
205
352
310
369
697
276
868
853
987
347
658
59
509
470
291
182
515
693
972
333
652
892
82
346
35
568
957
839
78
459
700
813
23
804
993
749
194
139
614
490
166
363
464
702
7
873
794
964
467
612
405
470
388
805
911
736
262
457
186
92
33
860
15
648
280
880
418
965
59
559
624
545
251
966
598
704
396
234
899
662
223
927
441
192
961
895
160
403
830
24
412
797
82
97
712
227
641
709
250
146
333
841
785
387
473
883
301
72
612
868
165
700
471
392
551
275
466
442
948
20
148
701
529
224
602
377
893
662
658
899
768
253
329
8
145
990
953
483
587
112
630
573
241
950
91
628
751
863
433
752
787
12
744
329
211
247
865
933
593
49
699
393
492
76
92
877
449
619
163
77
554
264
860
245
774
964
779
670
602
164
124
918
349
177
266
620
210
336
951
252
537
468
324
544
791
9
873
56
832
987
159
314
610
262
284
734
36
47
887
956
510
986
844
527
539
837
250
461
820
29
443
847
847
912
676
879
40
507
726
640
662
485
421
786
938
443
551
445
299
413
118
334
125
969
97
720
651
527
816
149
651
693
359
254
106
355
253
566
231
161
677
285
700
488
244
724
802
975
580
581
692
799
529
525
711
817
659
132
912
462
739
84
86
63
753
800
58
991
669
879
365
325
948
905
633
590
349
1
778
626
797
59
574
622
296
425
539
139
41
953
7
308
612
841
126
173
650
301
376
458
197
800
753
254
804
665
613
830
272
896
451
997
592
362
697
745
483
33
729
533
957
863
786
248
683
172
10
422
346
366
427
150
924
185
787
268
245
296
952
696
669
330
252
518
631
760
510
15
273
61
409
504
693
335
256
146
320
166
58
274
336
395
507
834
596
763
635
983
6
780
123
428
852
862
925
687
544
477
924
730
668
327
556
621
434
633
890
546
475
623
903
793
390
275
73
333
539
974
778
919
560
589
61
714
717
229
455
598
699
834
707
401
858
53
921
283
171
508
551
976
755
446
487
875
778
455
275
385
738
825
7
892
116
292
863
154
279
39
977
717
506
407
859
987
852
103
568
489
866
737
567
716
353
948
532
248
973
639
964
405
761
36
427
550
152
177
552
868
211
307
331
571
35
259
77
202
778
518
105
305
749
423
426
958
349
616
838
241
719
786
609
97
296
969
917
910
116
323
80
424
233
458
742
751
936
15
912
669
652
210
989
162
254
623
313
342
943
43
748
476
727
648
916
77
686
85
437
514
962
66
863
70
721
555
441
451
287
322
685
996
841
498
916
787
315
721
571
29
687
229
150
714
751
2
516
409
325
795
491
811
376
536
942
575
706
302
740
694
673
85
571
239
602
110
196
510
372
820
241
321
252
885
12
548
741
648
202
909
27
145
664
546
16
882
588
81
502
45
727
640
949
464
978
207
7
647
919
26
603
352
289
43
432
523
79
96
386
409
924
73
729
823
779
293
576
283
465
789
611
70
339
209
173
714
474
850
552
117
948
327
918
239
845
700
137
369
174
384
414
134
868
149
183
158
44
998
720
169
166
276
122
537
287
689
671
507
20
641
85
704
764
5
503
190
733
10
400
516
665
730
753
926
610
530
796
654
676
667
850
764
514
404
243
479
828
968
276
148
343
732
574
463
853
253
740
944
471
911
604
239
465
824
66
914
653
358
98
686
202
374
869
317
957
183
301
104
297
998
252
125
259
724
802
858
785
557
518
491
973
786
255
447
333
881
59
554
965
762
967
271
694
326
648
564
640
372
746
259
806
332
671
21
817
735
746
226
904
542
996
847
614
466
511
159
501
788
634
485
906
783
636
136
72
27
100
568
634
178
144
969
315
352
572
141
992
31
966
847
633
896
536
821
931
305
349
101
353
195
432
212
301
443
761
578
497
348
105
114
707
259
648
129
561
275
965
349
152
394
374
104
708
604
768
244
387
566
633
105
514
349
132
422
597
984
46
69
977
691
743
313
788
254
834
276
823
918
896
996
898
754
769
93
409
320
61
206
142
729
347
949
919
634
616
667
242
93
618
24
598
127
901
766
731
19
862
585
693
159
614
226
989
790
73
712
793
462
751
816
517
490
827
742
585
962
266
453
76
441
191
427
922
256
437
97
859
322
243
945
612
712
871
976
577
165
324
103
995
812
214
980
526
993
296
542
303
613
972
610
100
382
827
743
892
510
173
953
881
451
147
580
259
423
690
670
47
457
379
746
231
988
258
858
116
134
331
45
945
931
588
922
546
483
15
772
460
922
206
774
207
142
324
121
394
670
529
291
942
225
286
530
725
205
498
634
388
489
628
587
927
629
243
38
268
64
58
721
427
890
367
25
172
43
415
608
858
196
650
544
734
477
909
518
550
974
751
514
680
314
771
911
978
713
264
790
356
589
150
743
832
575
226
890
272
91
411
490
497
577
518
228
55
973
999
648
786
177
569
269
415
154
696
401
833
792
789
105
289
42
601
93
332
810
86
648
468
364
194
623
242
685
333
864
770
385
429
29
359
293
8
617
553
463
923
850
612
843
616
399
476
87
844
436
357
953
522
68
879
927
994
199
98
64
335
764
134
369
424
111
975
98
396
375
143
378
627
922
444
368
586
882
555
604
127
844
885
965
79
173
554
829
165
888
83
250
963
263
564
29
93
822
649
736
260
78
232
92
873
224
0
777
43
479
24
690
658
260
740
407
269
316
235
796
409
701
292
683
394
185
706
686
135
194
710
647
633
54
492
635
541
237
32
4
531
985
611
655
693
572
752
902
411
569
828
542
318
820
366
99
845
451
603
642
133
897
28
175
51
425
828
865
631
80
837
587
865
374
203
492
375
774
835
441
259
795
932
457
838
837
255
834
961
933
220
650
558
782
558
425
786
565
767
781
566
282
22
661
598
950
616
946
202
31
676
546
835
883
540
687
568
218
457
824
201
830
991
375
467
567
25
635
846
106
69
598
587
10
971
961
19
274
594
207
556
154
580
640
132
512
643
55
923
832
316
70
452
63
507
767
804
149
703
878
975
241
887
286
55
609
685
753
150
698
578
917
710
589
858
443
182
83
857
833
208
730
415
170
105
648
520
460
97
63
711
523
188
650
836
956
216
295
171
204
519
61
935
930
983
960
598
275
449
91
727
581
847
61
418
789
593
784
247
765
298
717
713
72
470
572
156
8
670
691
981
778
928
996
193
320
121
996
273
520
436
753
260
698
616
156
69
960
548
767
294
513
174
929
382
95
541
735
87
986
139
61
747
771
839
926
576
374
218
601
825
930
849
76
624
178
946
981
657
777
570
382
736
450
614
225
237
758
625
661
494
418
461
79
414
847
294
764
469
59
723
854
585
89
430
325
683
853
854
912
476
938
67
205
570
535
930
165
110
759
217
659
704
584
366
54
701
734
995
981
720
865
508
171
118
877
892
324
926
609
709
966
441
202
646
299
190
712
482
326
610
464
479
764
438
140
396
477
409
993
222
770
335
423
725
914
74
542
915
384
608
247
300
31
237
928
420
57
219
141
286
851
655
771
145
334
414
798
520
938
880
14
689
419
484
117
717
312
412
932
218
378
842
15
470
706
866
78
469
358
674
662
941
62
248
943
384
217
443
646
521
437
4
558
611
935
798
547
646
776
404
960
723
897
434
681
250
928
639
675
145
107
498
331
472
684
394
540
404
54
330
293
841
687
749
682
475
351
70
993
558
352
331
136
620
862
426
158
951
576
877
575
536
999
99
188
720
319
951
490
612
509
277
793
270
432
625
808
434
258
18
719
390
960
320
270
70
680
946
108
78
403
283
2
465
219
277
721
410
511
318
553
690
269
179
884
953
431
690
194
752
505
828
438
662
697
43
304
505
552
888
413
487
801
801
244
262
511
297
634
393
140
672
321
284
511
860
52
690
781
312
390
820
427
308
76
781
299
253
248
324
702
774
631
850
105
455
421
989
642
814
312
100
28
36
986
315
738
841
467
865
217
401
854
840
457
728
546
509
909
173
709
433
841
588
308
31
987
814
717
679
101
948
657
386
642
210
36
671
943
265
279
981
652
719
801
978
211
291
673
724
312
947
590
702
9
936
435
709
64
525
221
636
239
980
486
924
84
306
96
976
909
276
858
432
637
265
583
907
168
354
31
195
699
424
933
276
735
196
219
454
592
13
315
667
593
885
832
42
99
981
84
125
677
410
483
960
133
888
151
35
528
511
646
506
367
66
841
803
571
831
86
416
698
12
680
781
258
31
710
652
374
738
521
983
311
364
186
662
972
979
987
274
516
208
988
433
323
884
482
363
860
306
907
940
223
572
901
491
891
19
583
322
933
321
528
919
434
66
215
290
161
242
706
504
380
128
515
567
680
891
160
843
971
708
770
649
575
53
856
579
100
840
133
435
746
323
55
803
390
602
34
179
581
157
988
108
927
108
130
622
494
489
475
333
760
357
747
593
104
589
795
565
820
950
719
32
419
879
352
939
317
454
251
787
55
53
345
975
454
918
185
196
156
317
627
423
642
733
590
170
573
630
493
171
244
430
220
505
664
437
802
209
908
565
530
224
512
33
890
961
281
21
783
474
235
864
648
978
57
709
35
133
612
472
629
388
819
823
430
366
674
222
620
691
582
575
679
651
519
514
565
426
751
810
942
295
242
624
402
294
935
388
730
890
494
417
181
479
554
137
124
15
208
305
320
434
313
517
258
420
357
223
147
2
768
68
429
85
258
943
586
938
529
803
612
665
434
83
724
141
712
236
526
435
740
534
781
294
565
886
739
931
873
664
12
752
957
811
924
922
74
709
30
520
49
609
527
570
753
397
898
342
814
985
76
731
843
69
483
791
131
571
347
7
629
421
833
550
502
447
627
703
355
584
328
542
799
462
772
372
946
600
711
553
171
871
431
664
271
383
434
253
523
922
520
825
54
391
416
698
74
81
419
748
173
82
438
85
803
642
396
656
150
707
235
984
352
615
693
39
648
723
314
207
812
685
612
145
222
245
867
773
674
512
394
425
703
491
690
661
644
894
893
126
372
582
142
809
253
791
951
627
774
186
795
455
559
604
493
615
381
503
424
86
790
933
329
62
601
177
938
590
394
121
209
374
565
865
168
709
721
745
973
475
319
875
453
763
115
509
717
771
650
694
89
455
164
230
520
498
861
750
176
623
454
923
734
880
553
509
649
636
165
677
280
286
902
742
160
404
393
466
50
269
558
424
765
198
103
989
176
535
648
970
691
17
176
60
614
171
567
9
289
510
248
17
302
885
473
515
924
385
256
235
710
812
41
848
420
68
165
954
255
19
5
835
138
300
239
757
672
968
480
173
553
219
195
359
457
448
697
235
514
220
129
966
896
65
906
427
853
625
935
795
863
455
146
659
7
200
812
630
716
807
803
122
807
458
717
455
143
807
805
21
368
155
996
509
256
740
137
939
698
629
20
882
159
698
927
65
849
485
390
989
1
112
225
287
484
820
551
751
442
842
277
233
688
175
24
639
886
205
359
935
418
112
821
511
678
494
613
990
48
891
422
76
465
427
73
109
849
241
225
393
649
624
395
616
40
768
13
293
634
180
836
816
77
73
225
136
710
937
572
913
124
121
915
58
563
416
548
410
996
321
290
685
275
274
685
921
362
390
181
638
260
504
239
989
339
17
913
679
758
708
883
626
893
152
670
32
663
94
794
488
623
467
786
857
282
104
475
212
116
537
606
234
508
138
881
710
165
952
588
683
6
679
498
465
236
696
975
788
653
830
290
254
489
521
83
839
381
706
806
98
904
136
88
33
106
394
481
11
113
854
979
925
621
770
243
79
935
969
909
49
798
416
228
629
722
593
34
486
196
864
589
498
853
156
452
524
694
472
168
237
880
435
838
108
989
556
115
427
303
922
577
156
880
460
674
380
513
532
522
47
103
713
914
180
995
765
81
746
664
924
174
43
154
214
940
328
942
199
525
13
484
709
338
223
900
457
329
283
120
690
449
0
390
206
738
384
890
171
848
43
857
189
442
861
528
609
85
377
758
281
751
886
527
56
345
985
771
257
540
731
702
387
511
988
329
720
431
735
465
550
649
80
559
293
20
972
424
842
331
744
470
435
481
941
238
588
773
106
691
594
593
354
179
214
661
808
944
980
1
864
482
813
707
520
276
914
598
431
332
106
524
844
790
717
812
82
795
505
823
715
470
325
880
635
607
733
643
958
404
837
96
948
533
377
431
187
726
317
805
374
570
96
536
254
646
766
712
526
204
207
183
331
738
890
970
595
338
774
688
629
627
722
306
778
808
394
324
834
615
885
148
946
828
14
496
476
415
344
860
568
843
829
868
938
737
616
303
804
629
602
821
173
750
490
98
386
796
984
379
140
557
660
768
138
89
490
91
480
223
865
505
280
847
12
382
913
225
953
726
141
726
56
625
871
822
582
38
884
353
75
379
945
690
728
452
486
473
733
498
626
112
794
70
815
24
669
23
863
180
235
495
30
550
642
637
930
409
22
407
697
168
26
365
90
525
138
926
71
627
615
685
968
104
19
924
100
710
141
340
252
257
615
276
976
318
134
488
254
761
26
124
560
527
703
169
502
630
450
790
283
569
584
107
492
441
12
770
911
840
815
912
544
96
133
603
26
308
349
531
676
341
626
213
217
15
472
878
341
485
184
517
597
914
984
549
878
809
900
489
32
184
810
105
596
17
485
420
772
169
999
142
187
60
741
644
29
353
206
605
695
17
676
523
722
574
734
50
196
114
629
369
328
878
445
311
959
860
182
80
119
150
372
24
707
816
876
22
363
787
745
253
581
908
613
95
220
829
187
139
984
243
797
569
974
120
849
411
114
841
858
574
282
794
724
601
389
720
959
830
435
703
664
751
174
518
876
930
730
792
735
903
705
764
357
426
155
175
582
845
700
464
567
536
253
12
510
91
239
564
734
722
702
316
813
514
347
653
626
364
900
405
970
687
216
461
148
147
669
907
476
308
53
913
646
3
873
782
996
731
268
124
833
762
3
138
6
751
899
642
444
371
691
677
524
627
604
566
828
117
95
548
635
288
437
820
622
425
989
679
644
788
337
856
7
119
650
48
564
229
558
957
501
874
142
984
460
882
581
63
475
591
550
859
826
763
45
802
377
890
297
343
422
548
544
736
129
137
107
760
311
437
980
823
620
127
70
767
883
101
91
384
755
234
236
734
394
34
764
921
605
125
37
782
36
555
912
652
424
335
775
817
38
655
518
910
208
331
369
832
634
491
7
873
218
886
128
903
115
360
642
458
428
267
226
68
693
146
626
708
233
570
973
595
275
954
915
107
794
325
481
285
518
517
56
162
768
490
282
388
269
91
888
910
84
860
959
641
336
681
796
992
23
641
262
70
820
895
147
751
26
53
158
596
618
666
503
27
663
398
299
583
408
299
941
219
862
319
645
701
646
543
232
273
145
989
513
50
442
597
815
161
440
941
158
535
213
219
698
997
813
908
89
710
51
849
401
547
9
468
699
888
575
372
670
69
534
694
910
176
181
437
750
336
155
747
859
5
390
712
995
46
716
649
343
827
224
397
261
37
823
541
921
834
507
602
4
813
15
243
181
150
45
46
176
262
181
407
180
206
902
936
370
600
522
432
362
821
149
86
976
745
486
175
351
76
633
687
596
922
764
764
135
813
9
385
246
138
412
730
818
705
309
11
261
65
200
702
924
180
627
621
698
710
71
884
342
676
347
339
966
795
845
795
355
534
858
366
574
612
793
932
548
368
139
11
270
67
373
854
420
456
353
193
972
958
2
588
93
603
543
63
792
511
674
509
273
47
808
460
939
779
459
172
690
426
887
101
461
909
251
614
555
569
601
787
804
960
287
615
44
586
622
618
452
368
786
725
794
458
115
932
42
721
364
946
108
711
323
404
520
110
464
118
272
503
73
411
597
868
357
932
484
256
952
558
785
877
838
432
973
629
467
301
749
733
115
160
747
583
717
133
369
944
693
448
363
306
514
96
444
354
997
915
12
540
172
688
256
765
606
497
106
562
592
344
387
23
671
659
326
539
310
459
87
826
42
17
700
162
100
898
139
234
808
813
4
200
892
610
24
210
218
190
570
856
721
628
213
88
345
398
414
137
310
644
147
692
431
956
164
319
815
130
401
76
579
50
149
363
454
180
713
371
922
191
284
638
519
978
641
566
569
735
818
306
733
904
788
158
435
494
946
322
75
664
110
665
921
457
446
220
475
277
340
320
853
821
480
942
690
777
17
82
662
438
730
502
258
785
338
824
752
274
86
385
103
91
307
231
329
971
207
797
539
342
615
649
268
40
703
327
442
666
149
244
298
684
814
318
142
316
125
970
428
342
97
717
324
332
31
455
418
703
520
717
734
767
413
631
240
447
271
721
415
773
467
573
35
753
351
408
73
91
102
860
96
386
642
431
130
562
947
234
157
174
554
436
651
39
299
752
262
355
587
884
56
553
637
107
250
868
164
30
11
422
916
974
580
735
625
701
953
214
413
214
634
776
788
242
83
366
539
717
185
875
592
408
15
951
715
800
511
126
853
503
116
717
448
705
751
893
263
537
961
744
951
189
825
844
247
255
862
286
788
910
440
832
312
717
442
934
219
586
666
798
331
746
588
335
664
731
371
3
83
778
57
167
544
702
58
50
729
196
788
284
166
236
882
458
546
67
993
31
831
619
522
29
356
513
362
196
534
645
622
314
693
95
347
220
569
512
12
11
117
847
397
179
722
509
184
856
638
315
526
258
391
962
169
370
699
155
575
477
954
488
201
785
478
530
509
198
633
829
257
983
368
593
729
808
127
763
906
2
781
915
704
654
969
735
885
14
437
856
171
914
674
50
764
249
365
186
888
422
968
308
711
861
452
419
327
270
821
780
496
586
942
620
390
51
263
665
999
329
964
95
294
730
984
573
15
177
594
231
99
467
39
589
951
182
184
371
704
147
101
490
218
397
865
783
953
538
432
770
31
786
983
490
55
942
260
976
81
682
21
201
32
934
165
760
368
657
388
99
108
119
726
340
759
638
679
354
729
995
565
977
548
802
743
488
376
53
108
930
444
820
207
232
5
982
434
125
244
871
737
313
827
355
384
457
392
914
983
887
326
557
909
198
776
432
803
834
375
896
66
557
398
750
327
220
148
724
790
204
977
816
678
327
581
279
691
187
509
476
993
693
87
617
408
561
289
69
267
638
909
790
61
192
432
41
102
501
18
136
410
197
88
891
971
51
129
106
192
89
622
210
934
523
94
662
934
643
784
352
551
613
106
80
254
83
617
436
795
404
450
377
861
56
449
137
456
231
200
845
359
707
131
412
109
659
929
365
520
466
845
258
384
767
61
902
428
534
379
784
750
159
779
936
176
181
588
233
214
906
26
991
822
729
251
787
902
444
145
726
429
807
408
402
37
709
376
647
599
457
28
340
855
63
540
556
777
188
81
36
477
252
807
833
447
131
855
679
170
358
566
768
781
122
992
345
326
413
385
732
943
52
998
305
775
477
79
774
554
606
695
505
179
277
15
915
721
33
704
71
687
713
983
3
697
316
542
519
148
152
929
364
29
199
71
983
253
359
402
381
555
249
15
777
874
517
89
108
596
75
371
588
168
349
694
504
920
43
818
995
942
31
816
8
424
227
151
85
345
271
325
426
754
847
513
163
657
180
743
468
953
810
323
797
474
10
729
831
658
641
4
22
460
289
358
151
321
214
264
963
652
835
634
517
825
110
13
312
169
234
655
916
63
540
143
371
711
504
625
103
280
660
100
951
231
693
370
306
606
153
552
147
317
45
80
517
600
432
995
816
592
783
10
324
431
18
302
158
62
471
654
697
617
638
994
847
94
381
174
776
865
21
281
34
564
956
686
314
373
188
522
138
728
995
959
123
719
909
89
109
23
616
56
13
125
790
693
109
505
320
520
122
842
8
833
667
393
688
981
589
66
969
11
687
849
639
928
538
521
931
216
888
403
241
110
474
725
548
558
314
393
310
969
160
975
524
945
795
653
728
925
742
830
817
766
206
73
777
75
513
821
182
979
265
17
787
298
760
800
559
605
214
764
750
49
265
98
423
704
973
432
398
54
500
210
987
979
384
834
379
530
551
601
741
26
413
529
455
370
112
822
689
898
896
477
338
255
838
274
11
392
999
432
849
335
80
445
183
194
780
340
939
459
180
239
439
428
151
148
579
815
26
31
785
693
393
625
905
125
998
960
343
799
241
135
297
241
26
239
861
539
131
877
555
462
185
38
22
306
236
393
793
320
21
292
839
61
376
154
580
393
194
75
618
678
13
332
863
749
833
152
389
565
277
279
689
949
142
231
217
204
767
560
95
151
106
700
363
963
158
551
857
68
362
163
94
829
496
591
657
569
557
977
119
641
769
690
335
758
114
745
200
482
14
794
87
466
384
976
85
479
226
80
297
126
765
1
402
708
820
329
696
149
280
433
851
23
495
796
620
3
494
668
131
692
657
246
896
3
680
535
878
41
405
390
60
46
619
292
158
890
449
505
292
443
871
401
370
855
289
831
736
298
161
784
82
665
17
148
554
928
842
489
132
969
999
832
371
46
701
364
730
305
791
856
894
137
924
688
674
632
852
874
706
460
20
806
645
426
54
45
853
449
509
646
456
934
879
375
52
612
579
313
630
999
893
964
476
657
591
566
908
436
531
246
924
344
767
605
92
48
903
24
257
208
113
439
371
962
629
529
528
665
308
324
122
373
675
191
383
929
48
699
273
1
612
650
309
776
585
518
911
24
805
485
990
420
807
763
147
731
706
352
56
933
737
812
455
483
2
441
560
618
726
448
111
184
487
30
685
314
218
272
806
437
175
604
412
964
303
442
274
274
974
980
187
344
737
889
19
968
842
464
478
123
617
100
752
193
957
642
637
23
435
291
930
254
838
174
947
993
104
997
150
974
168
323
608
329
669
292
727
590
338
22
280
118
202
871
970
587
230
591
419
471
724
463
881
794
258
458
619
163
667
339
929
337
201
607
73
826
989
988
940
995
275
954
104
705
985
905
295
352
921
988
48
194
436
533
780
498
770
336
748
97
312
844
210
753
625
367
933
969
104
338
928
416
76
645
989
797
493
275
398
750
518
26
676
463
108
244
660
694
654
233
559
461
310
49
576
199
631
452
836
703
750
396
253
741
342
558
39
274
815
749
471
238
919
439
520
824
836
732
0
294
296
116
802
581
725
416
525
75
587
485
566
404
385
148
385
210
776
933
190
216
526
253
385
856
193
277
858
555
274
62
799
98
21
266
831
594
182
108
72
829
966
170
970
487
22
505
14
646
27
323
978
278
459
645
230
532
751
132
108
905
33
993
203
257
496
737
828
604
793
442
377
565
184
755
963
570
472
76
811
299
847
590
235
782
541
244
77
777
711
674
748
394
47
981
107
812
862
203
115
219
693
436
888
738
528
801
590
539
492
628
128
999
699
377
697
86
117
763
910
761
65
585
92
509
509
106
622
155
602
343
770
15
43
33
197
462
927
411
428
251
709
857
300
699
384
937
628
287
931
608
234
466
446
393
514
12
866
681
542
798
602
150
779
71
794
338
648
663
252
2
957
602
929
156
113
470
109
768
660
681
374
350
463
301
894
168
528
93
127
409
874
373
926
159
885
972
387
917
266
157
712
68
417
151
56
844
798
738
27
445
722
371
703
18
230
258
856
528
941
289
555
227
378
631
511
754
504
38
590
500
57
114
459
348
953
268
484
633
107
581
625
856
876
895
661
806
687
216
421
400
161
264
671
694
726
677
933
560
811
557
890
975
246
125
284
191
3
55
626
467
936
665
336
202
251
827
17
833
363
640
548
257
428
490
786
66
575
272
711
816
120
857
335
693
738
61
851
727
840
817
692
451
398
540
232
458
808
712
330
147
536
883
910
650
814
942
237
295
27
221
470
538
574
233
463
166
187
755
770
395
337
130
378
848
123
342
256
912
337
598
881
725
472
415
515
907
759
797
384
262
171
527
9
286
614
950
367
602
931
319
750
179
733
74
708
386
656
865
296
701
464
732
814
6
345
597
546
436
231
736
842
238
543
5
1
701
46
544
402
137
752
289
682
143
27
696
425
954
989
483
577
432
948
172
688
54
853
836
595
190
102
941
20
495
360
358
526
966
279
287
941
300
956
784
92
128
125
550
65
135
635
230
803
865
308
172
695
398
66
502
359
664
5
332
581
394
124
643
839
810
17
187
387
83
758
582
148
54
994
922
189
137
248
952
246
465
970
493
445
261
114
241
246
666
474
335
750
830
717
572
300
39
332
756
162
172
821
809
195
615
434
605
149
937
238
922
888
846
885
631
175
491
268
126
767
317
110
108
238
19
769
441
215
471
129
473
714
649
331
178
448
589
309
126
552
366
460
995
52
99
373
586
312
168
552
581
611
280
578
12
782
714
130
666
221
538
374
859
748
289
383
288
765
295
619
983
31
720
753
381
768
925
354
93
838
765
902
382
570
531
140
215
678
754
863
14
441
446
405
866
528
797
289
397
943
366
660
710
473
224
871
942
172
38
44
626
761
985
774
192
379
591
894
853
941
443
711
910
328
181
852
486
573
804
345
576
120
977
96
45
327
261
317
895
578
997
259
159
882
157
536
796
646
827
302
30
380
550
636
130
749
575
717
678
660
638
295
16
376
616
119
994
296
679
43
40
935
371
183
637
721
304
540
563
156
79
126
121
362
234
349
802
742
2
599
140
124
555
331
566
199
315
825
533
341
719
216
369
69
342
64
276
893
378
122
283
565
572
725
239
744
583
474
174
219
384
626
838
22
436
398
658
412
419
374
144
982
83
222
153
980
568
447
27
198
563
762
28
936
537
523
232
405
381
619
381
501
184
293
709
738
160
582
843
319
351
991
810
226
638
124
858
76
857
778
580
302
364
461
832
974
286
847
452
18
341
608
912
316
715
234
425
911
768
492
563
793
775
730
714
874
173
971
762
636
719
35
589
586
588
433
541
558
676
19
451
742
334
713
376
263
296
304
929
669
226
185
840
418
740
785
849
749
410
25
34
116
52
328
751
461
131
40
892
673
873
30
589
66
697
422
730
119
559
567
135
470
896
395
355
649
533
642
407
700
532
999
962
845
528
835
730
893
354
696
205
246
824
400
425
430
156
672
593
531
984
79
689
23
138
380
372
351
290
391
548
830
579
589
185
559
361
794
693
570
544
427
224
78
550
18
256
137
138
149
396
324
60
32
280
531
166
770
275
259
924
182
239
36
360
172
233
633
81
583
10
741
685
543
741
609
157
66
418
908
528
454
226
962
354
451
260
520
198
255
103
518
658
537
881
237
306
106
984
620
296
337
87
446
386
38
971
454
988
865
911
94
72
404
292
548
211
654
789
6
73
665
714
215
28
271
147
378
777
201
439
943
852
863
301
676
22
887
484
870
3
799
310
0
513
333
386
594
53
98
994
798
328
50
850
775
883
336
443
891
598
711
486
435
983
267
300
288
57
977
430
752
939
85
393
721
219
955
188
486
850
304
509
191
962
209
144
798
845
980
681
303
752
646
829
567
928
948
164
89
956
718
386
637
75
769
670
378
559
269
730
549
882
390
164
811
599
390
812
291
389
819
511
327
383
692
827
988
472
978
549
680
805
197
743
468
771
733
390
115
987
418
699
218
739
774
600
999
328
753
957
902
224
765
547
770
868
755
730
218
246
189
774
221
927
950
551
366
164
991
841
99
962
300
368
98
559
6
656
429
163
210
37
153
448
98
678
929
206
954
600
416
658
549
432
591
799
497
208
555
237
321
510
522
97
26
129
208
254
936
910
493
51
657
394
506
396
930
761
892
93
89
390
151
428
323
387
230
295
806
699
666
750
402
623
370
938
388
494
666
350
547
208
143
325
670
725
297
252
437
921
234
690
248
171
934
53
141
935
67
518
830
200
276
8
673
442
344
188
162
95
304
385
582
368
817
323
505
78
271
209
163
25
859
547
895
905
846
644
468
179
358
732
199
167
528
394
248
664
479
784
804
915
523
206
459
708
286
772
707
157
43
74
949
135
160
147
246
134
910
89
64
657
846
130
530
248
46
68
534
25
61
517
290
595
435
742
353
52
804
560
962
17
174
896
769
125
553
431
733
524
559
285
594
175
532
599
887
674
792
38
235
228
634
179
276
360
791
696
576
426
884
272
943
299
96
569
665
297
477
737
236
625
865
743
248
46
975
652
551
798
668
553
959
483
303
954
330
783
216
84
736
124
597
187
539
299
880
303
971
996
165
96
83
341
3
519
820
318
224
567
16
556
682
244
378
964
892
723
308
867
509
466
345
716
503
513
852
433
7
314
929
765
104
468
354
698
629
214
469
239
655
482
460
76
787
984
460
120
320
757
747
195
343
251
675
200
492
619
436
469
132
664
73
422
39
742
274
838
736
971
650
864
363
228
810
302
807
724
77
135
692
560
629
934
334
854
366
849
170
800
290
527
248
195
773
285
42
501
121
27
724
246
421
682
237
102
441
529
205
728
630
161
975
797
923
677
665
772
891
670
169
816
933
614
290
58
996
875
904
489
785
879
400
808
437
221
956
559
947
710
390
804
117
390
90
291
278
600
768
275
88
945
450
52
495
859
603
254
310
216
977
147
440
667
981
736
418
745
921
447
599
149
337
305
907
445
516
330
93
999
644
485
558
152
693
891
927
510
403
254
579
604
103
306
944
710
323
654
916
950
627
615
653
270
271
662
433
759
526
595
679
826
469
298
574
276
601
573
325
631
545
914
35
303
679
30
368
754
689
730
851
876
523
766
349
617
215
851
189
428
344
461
870
80
826
152
702
805
206
570
1
246
830
330
510
80
596
776
463
893
447
213
207
458
384
836
607
86
674
393
273
124
289
768
409
186
708
337
576
963
494
515
251
658
393
215
364
672
300
463
503
112
678
126
800
441
243
689
795
460
256
119
147
183
937
981
23
152
979
149
427
710
6
735
51
596
315
520
93
319
727
635
439
211
566
806
278
769
156
350
33
108
976
405
573
516
354
259
658
874
142
962
622
509
81
951
361
604
315
814
257
533
374
69
671
646
702
435
425
658
434
2
353
54
258
244
678
932
929
226
169
368
645
698
291
793
541
113
125
418
522
439
16
26
224
467
583
225
87
671
17
60
182
62
75
674
399
330
118
815
777
898
700
1
41
588
697
34
2
800
664
54
168
518
363
781
55
159
7
411
129
554
271
894
759
104
128
463
103
978
453
749
568
220
539
494
58
177
936
904
337
49
120
719
428
784
120
752
432
473
991
949
339
131
161
353
86
98
494
271
18
809
306
822
230
599
495
224
295
784
400
579
210
598
14
671
118
983
177
393
646
896
31
311
941
530
33
597
338
476
302
832
358
225
367
89
716
604
518
148
529
577
849
970
308
806
851
356
695
938
324
897
542
540
375
481
264
655
293
58
412
364
433
467
822
937
924
416
770
193
81
885
175
732
643
494
344
265
117
39
255
249
347
727
763
285
416
403
276
491
487
136
836
284
213
920
440
970
95
561
391
328
336
634
58
274
206
303
517
728
982
103
301
364
700
549
435
868
64
68
120
564
685
734
553
220
652
750
420
658
369
861
835
361
420
946
106
234
794
285
356
874
597
822
746
740
601
529
710
488
912
357
349
717
329
726
603
314
45
639
612
115
530
83
688
570
379
798
190
261
263
832
876
311
561
50
142
913
937
108
533
41
769
38
386
331
690
22
747
872
295
689
37
301
962
805
20
933
783
214
822
473
534
839
886
575
924
68
448
729
588
926
640
816
425
463
296
104
104
967
73
661
364
285
58
183
114
33
159
818
646
410
155
144
661
172
450
899
485
740
496
814
106
127
486
796
354
872
318
43
275
944
157
378
355
3
512
809
568
281
226
823
898
418
749
18
230
429
655
674
956
514
527
639
803
127
88
893
243
392
101
701
971
75
597
646
892
3
810
771
974
330
364
942
986
621
35
917
423
715
381
989
569
494
957
685
895
309
717
716
763
201
397
173
328
214
788
713
743
564
70
742
506
167
278
863
37
596
390
515
794
406
766
859
932
671
73
510
126
26
438
264
268
433
133
635
10
418
376
363
428
320
284
169
782
815
856
432
397
199
294
724
189
309
735
460
709
87
804
989
608
670
338
769
93
505
646
807
817
319
33
701
683
789
85
812
177
265
849
731
393
710
170
302
594
274
707
896
708
740
253
535
53
601
762
855
22
256
375
186
381
213
457
598
692
380
513
743
434
479
498
695
265
761
778
787
752
883
424
504
721
142
165
342
469
683
310
75
55
880
241
883
631
436
901
551
856
317
15
579
363
687
530
493
773
103
823
794
311
689
350
243
989
535
924
449
465
979
677
676
640
919
963
18
629
291
575
750
253
711
680
15
371
858
2
452
589
842
417
484
215
516
742
770
502
670
553
208
247
595
744
835
977
807
742
256
736
355
783
86
484
332
467
756
466
463
994
596
369
968
775
560
544
155
648
435
397
722
484
212
625
137
718
887
946
326
881
876
681
404
549
836
62
994
281
353
720
712
537
341
985
826
826
806
138
136
371
984
99
756
327
436
933
877
832
632
107
148
94
398
254
486
456
514
713
938
666
902
37
11
527
336
990
879
65
782
741
25
240
625
174
652
559
864
645
433
573
30
541
531
730
191
849
385
576
487
919
988
269
275
921
577
350
620
686
713
933
361
625
591
606
492
176
178
535
25
63
316
686
970
6
385
319
630
921
620
542
891
838
855
450
961
476
826
107
929
58
30
46
494
734
338
614
651
408
221
548
294
789
613
242
267
480
208
261
707
294
217
242
486
312
837
674
687
335
678
537
160
307
655
355
910
236
274
127
557
549
791
769
55
326
845
267
665
153
382
131
423
87
166
587
961
700
652
813
262
800
556
789
672
615
764
524
648
972
446
338
899
569
246
540
308
938
804
878
605
899
644
610
857
558
732
746
468
274
837
914
804
704
622
346
217
616
653
554
60
844
799
463
524
115
603
77
526
793
250
685
686
108
849
554
865
258
146
446
781
826
584
362
747
712
234
478
244
389
506
621
42
53
854
437
440
51
926
237
565
355
983
784
972
854
743
994
383
107
914
904
678
291
901
253
299
86
329
945
664
229
858
76
803
704
97
525
120
921
470
52
287
920
234
366
152
888
652
298
660
553
506
895
558
359
451
553
746
692
507
532
245
650
598
144
862
428
216
246
426
789
309
193
870
384
508
112
145
713
561
779
719
948
131
684
286
166
19
873
154
224
407
47
988
147
270
689
515
224
477
145
457
631
169
973
801
243
813
958
31
283
38
389
897
940
501
95
884
62
510
995
435
444
639
89
819
360
234
214
906
926
38
21
930
407
595
344
112
57
893
631
50
765
539
719
609
778
64
671
307
848
642
808
275
479
313
283
829
217
42
167
188
197
868
467
799
293
555
200
916
986
460
883
139
775
104
770
47
540
540
517
200
308
559
911
676
753
278
508
567
558
757
869
361
764
671
98
871
145
832
544
868
255
729
491
929
913
196
182
715
139
616
296
373
906
759
241
413
290
118
901
211
439
173
280
431
725
119
787
722
572
868
782
401
686
189
255
981
459
328
1
430
88
949
857
329
859
856
909
879
250
689
694
400
668
360
999
24
7
388
966
785
860
453
963
25
705
760
230
478
677
204
150
319
961
467
143
500
61
51
668
705
785
46
534
471
965
47
571
771
602
157
554
723
515
500
310
566
566
938
33
372
48
576
491
286
936
834
587
479
858
201
213
371
719
518
701
150
266
849
875
849
102
76
496
360
255
273
688
623
823
115
767
471
730
620
761
316
787
986
413
89
112
279
41
901
172
169
196
863